0.0006845486647724367	3030.0
0.000691326374324639	3060.0
0.0006981040838768414	3090.0
0.0007048817934290438	3120.0
0.0007116595029812461	3150.0
0.0007184372125334485	3180.0
0.0007252149220856507	3210.0
0.0007319926316378531	3240.0
0.0007387703411900555	3270.0
0.0007455480507422578	3300.0
0.0007523257602944602	3330.0
0.0007591034698466625	3360.0
0.0007658811793988648	3390.0
0.0007726588889510672	3420.0
0.0007794365985032695	3450.0
0.0007862143080554719	3480.0
0.0007929920176076742	3510.0
0.0007997697271598766	3540.0
0.000806547436712079	3570.0
0.0008133251462642812	3600.0
0.0008201028558164836	3630.0
0.0008268805653686859	3660.0
0.0008336582749208883	3690.0
0.0008404359844730907	3720.0
0.0008472136940252929	3750.0
0.0008539914035774953	3780.0
0.0008607691131296976	3810.0
0.0008675468226819	3840.0
0.0008743245322341024	3870.0
0.0008811022417863047	3900.0
0.000887879951338507	3930.0
0.0008946576608907093	3960.0
0.0009014353704429117	3990.0
0.0009082130799951141	4020.0
0.0009149907895473164	4050.0
0.0009217684990995188	4080.0
0.000928546208651721	4110.0
0.0009353239182039234	4140.0
0.0009421016277561258	4170.0
0.0009488793373083281	4200.0
0.0009556570468605305	4230.0
0.0009624347564127328	4260.0
0.0009692124659649352	4290.0
0.0009759901755171375	4320.0
0.00098276788506934	4350.0
0.0009895455946215422	4380.0
0.0009963233041737445	4410.0
0.001003101013725947	4440.0
0.0010098787232781493	4470.0
0.0010166564328303515	4500.0
0.0010234341423825538	4530.0
0.0010302118519347563	4560.0
0.0010369895614869586	4590.0
0.0010437672710391609	4620.0
0.0010505449805913634	4650.0
0.0010573226901435656	4680.0
0.001064100399695768	4710.0
0.0010708781092479704	4740.0
0.0010776558188001727	4770.0
0.001084433528352375	4800.0
0.0010912112379045772	4830.0
0.0010979889474567797	4860.0
0.001104766657008982	4890.0
0.0011115443665611843	4920.0
0.0011183220761133868	4950.0
0.001125099785665589	4980.0
0.0011318774952177914	5010.0
0.0011386552047699938	5040.0
0.0011454329143221961	5070.0
0.0011522106238743984	5100.0
0.0011589883334266007	5130.0
0.0011657660429788032	5160.0
0.0011725437525310055	5190.0
0.0011793214620832077	5220.0
0.0011860991716354102	5250.0
0.0011928768811876125	5280.0
0.0011996545907398148	5310.0
0.0012064323002920173	5340.0
0.0012132100098442196	5370.0
0.0012199877193964218	5400.0
0.0012267654289486241	5430.0
0.0012335431385008266	5460.0
0.001240320848053029	5490.0
0.0012470985576052312	5520.0
0.0012538762671574337	5550.0
0.001260653976709636	5580.0
0.0012674316862618382	5610.0
0.0012742093958140407	5640.0
0.001280987105366243	5670.0
0.0012877648149184453	5700.0
0.0012945425244706476	5730.0
0.00130132023402285	5760.0
0.0013080979435750523	5790.0
0.0013148756531272546	5820.0
0.001321653362679457	5850.0
0.0013284310722316594	5880.0
0.0013352087817838617	5910.0
0.0013419864913360642	5940.0
0.0013487642008882664	5970.0
0.0013555419104404687	6000.0
0.001362319619992671	6030.0
0.0013690973295448735	6060.0
0.0013758750390970758	6090.0
0.001382652748649278	6120.0
0.0013894304582014805	6150.0
0.0013962081677536828	6180.0
0.001402985877305885	6210.0
0.0014097635868580876	6240.0
0.0014165412964102899	6270.0
0.0014233190059624921	6300.0
0.0014300967155146944	6330.0
0.001436874425066897	6360.0
0.0014436521346190992	6390.0
0.0014504298441713015	6420.0
0.001457207553723504	6450.0
0.0014639852632757063	6480.0
0.0014707629728279085	6510.0
0.001477540682380111	6540.0
0.0014843183919323133	6570.0
0.0014910961014845156	6600.0
0.0014978738110367179	6630.0
0.0015046515205889204	6660.0
0.0015114292301411226	6690.0
0.001518206939693325	6720.0
0.0015249846492455274	6750.0
0.0015317623587977297	6780.0
0.001538540068349932	6810.0
0.0015453177779021345	6840.0
0.0015520954874543367	6870.0
0.001558873197006539	6900.0
0.0015656509065587413	6930.0
0.0015724286161109438	6960.0
0.001579206325663146	6990.0
0.0015859840352153484	7020.0
0.0015927617447675508	7050.0
0.0015995394543197531	7080.0
0.0016063171638719554	7110.0
0.001613094873424158	7140.0
0.0016198725829763602	7170.0
0.0016266502925285625	7200.0
0.0016334280020807647	7230.0
0.0016402057116329672	7260.0
0.0016469834211851695	7290.0
0.0016537611307373718	7320.0
0.0016605388402895743	7350.0
0.0016673165498417766	7380.0
0.0016740942593939788	7410.0
0.0016808719689461813	7440.0
0.0016876496784983836	7470.0
0.0016944273880505859	7500.0
0.0017012050976027882	7530.0
0.0017079828071549907	7560.0
0.001714760516707193	7590.0
0.0017215382262593952	7620.0
0.0017283159358115977	7650.0
0.0017350936453638	7680.0
0.0017418713549160023	7710.0
0.0017486490644682048	7740.0
0.001755426774020407	7770.0
0.0017622044835726093	7800.0
0.0017689821931248118	7830.0
0.001775759902677014	7860.0
0.0017825376122292164	7890.0
0.0017893153217814187	7920.0
0.0017960930313336212	7950.0
0.0018028707408858234	7980.0
0.0018096484504380257	8010.0
0.0018164261599902282	8040.0
0.0018232038695424305	8070.0
0.0018299815790946328	8100.0
0.0018367592886468353	8130.0
0.0018435369981990375	8160.0
0.0018503147077512398	8190.0
0.001857092417303442	8220.0
0.0018638701268556446	8250.0
0.0018706478364078469	8280.0
0.0018774255459600491	8310.0
0.0018842032555122516	8340.0
0.001890980965064454	8370.0
0.0018977586746166562	8400.0
0.0019045363841688587	8430.0
0.001911314093721061	8460.0
0.0019180918032732633	8490.0
0.0019248695128254655	8520.0
0.001931647222377668	8550.0
0.0019384249319298703	8580.0
0.0019452026414820726	8610.0
0.001951980351034275	8640.0
0.0019587580605864774	8670.0
0.00196553577013868	8700.0
0.001972313479690882	8730.0
0.0019790911892430844	8760.0
0.001985868898795287	8790.0
0.001992646608347489	8820.0
0.0019994243178996915	8850.0
0.002006202027451894	8880.0
0.002012979737004096	8910.0
0.0020197574465562985	8940.0
0.0020265351561085006	8970.0
0.002033312865660703	9000.0
0.0020400905752129056	9030.0
0.0020468682847651076	9060.0
0.00205364599431731	9090.0
0.0020604237038695126	9120.0
0.0020672014134217147	9150.0
0.002073979122973917	9180.0
0.0020807568325261197	9210.0
0.0020875345420783217	9240.0
0.0020943122516305242	9270.0
0.0021010899611827267	9300.0
0.002107867670734929	9330.0
0.0021146453802871313	9360.0
0.0021214230898393338	9390.0
0.002128200799391536	9420.0
0.0021349785089437383	9450.0
0.002141756218495941	9480.0
0.002148533928048143	9510.0
0.0021553116376003454	9540.0
0.0021620893471525474	9570.0
0.00216886705670475	9600.0
0.0021756447662569524	9630.0
0.0021824224758091545	9660.0
0.002189200185361357	9690.0
0.0021959778949135595	9720.0
0.0022027556044657615	9750.0
0.002209533314017964	9780.0
0.0022163110235701665	9810.0
0.0022230887331223686	9840.0
0.002229866442674571	9870.0
0.0022366441522267736	9900.0
0.0022434218617789757	9930.0
0.002250199571331178	9960.0
0.0022569772808833806	9990.0
0.0022637549904355827	10020.0
0.002270532699987785	10050.0
0.0022773104095399877	10080.0
0.0022840881190921898	10110.0
0.0022908658286443923	10140.0
0.0022976435381965943	10170.0
0.002304421247748797	10200.0
0.0023111989573009993	10230.0
0.0023179766668532014	10260.0
0.002324754376405404	10290.0
0.0023315320859576064	10320.0
0.0023383097955098084	10350.0
0.002345087505062011	10380.0
0.0023518652146142134	10410.0
0.0023586429241664155	10440.0
0.002365420633718618	10470.0
0.0023721983432708205	10500.0
0.0023789760528230225	10530.0
0.002385753762375225	10560.0
0.0023925314719274275	10590.0
0.0023993091814796296	10620.0
0.002406086891031832	10650.0
0.0024128646005840346	10680.0
0.0024196423101362366	10710.0
0.002426420019688439	10740.0
0.002433197729240641	10770.0
0.0024399754387928437	10800.0
0.002446753148345046	10830.0
0.0024535308578972482	10860.0
0.0024603085674494507	10890.0
0.0024670862770016532	10920.0
0.0024738639865538553	10950.0
0.002480641696106058	10980.0
0.0024874194056582603	11010.0
0.0024941971152104623	11040.0
0.002500974824762665	11070.0
0.0025077525343148673	11100.0
0.0025145302438670694	11130.0
0.002521307953419272	11160.0
0.0025280856629714744	11190.0
0.0025348633725236764	11220.0
0.002541641082075879	11250.0
0.0025484187916280814	11280.0
0.0025551965011802835	11310.0
0.002561974210732486	11340.0
0.002568751920284688	11370.0
0.0025755296298368906	11400.0
0.002582307339389093	11430.0
0.002589085048941295	11460.0
0.0025958627584934976	11490.0
0.0026026404680457	11520.0
0.002609418177597902	11550.0
0.0026161958871501047	11580.0
0.002622973596702307	11610.0
0.002629751306254509	11640.0
0.0026365290158067117	11670.0
0.002643306725358914	11700.0
0.0026500844349111163	11730.0
0.0026568621444633188	11760.0
0.0026636398540155213	11790.0
0.0026704175635677233	11820.0
0.002677195273119926	11850.0
0.0026839729826721283	11880.0
0.0026907506922243304	11910.0
0.002697528401776533	11940.0
0.0027043061113287354	11970.0
0.0027110838208809374	12000.0
0.00271786153043314	12030.0
0.002724639239985342	12060.0
0.0027314169495375445	12090.0
0.002738194659089747	12120.0
0.002744972368641949	12150.0
0.0027517500781941515	12180.0
0.002758527787746354	12210.0
0.002765305497298556	12240.0
0.0027720832068507586	12270.0
0.002778860916402961	12300.0
0.002785638625955163	12330.0
0.0027924163355073656	12360.0
0.002799194045059568	12390.0
0.00280597175461177	12420.0
0.0028127494641639727	12450.0
0.002819527173716175	12480.0
0.0028263048832683772	12510.0
0.0028330825928205797	12540.0
0.0028398603023727822	12570.0
0.0028466380119249843	12600.0
0.002853415721477187	12630.0
0.002860193431029389	12660.0
0.0028669711405815913	12690.0
0.002873748850133794	12720.0
0.002880526559685996	12750.0
0.0028873042692381984	12780.0
0.002894081978790401	12810.0
0.002900859688342603	12840.0
0.0029076373978948055	12870.0
0.002914415107447008	12900.0
0.00292119281699921	12930.0
0.0029279705265514125	12960.0
0.002934748236103615	12990.0
0.002941525945655817	13020.0
0.0029483036552080196	13050.0
0.002955081364760222	13080.0
0.002961859074312424	13110.0
0.0029686367838646266	13140.0
0.002975414493416829	13170.0
0.002982192202969031	13200.0
0.0029889699125212337	13230.0
0.0029957476220734357	13260.0
0.0030025253316256382	13290.0
0.0030093030411778407	13320.0
0.0030160807507300428	13350.0
0.0030228584602822453	13380.0
0.0030296361698344478	13410.0
0.00303641387938665	13440.0
0.0030431915889388523	13470.0
0.003049969298491055	13500.0
0.003056747008043257	13530.0
0.0030635247175954594	13560.0
0.003070302427147662	13590.0
0.003077080136699864	13620.0
0.0030838578462520664	13650.0
0.003090635555804269	13680.0
0.003097413265356471	13710.0
0.0031041909749086735	13740.0
0.003110968684460876	13770.0
0.003117746394013078	13800.0
0.0031245241035652805	13830.0
0.0031313018131174826	13860.0
0.003138079522669685	13890.0
0.0031448572322218876	13920.0
0.0031516349417740896	13950.0
0.003158412651326292	13980.0
0.0031651903608784946	14010.0
0.0031719680704306967	14040.0
0.003178745779982899	14070.0
0.0031855234895351017	14100.0
0.0031923011990873038	14130.0
0.0031990789086395062	14160.0
0.0032058566181917087	14190.0
0.003212634327743911	14220.0
0.0032194120372961133	14250.0
0.003226189746848316	14280.0
0.003232967456400518	14310.0
0.0032397451659527204	14340.0
0.003246522875504923	14370.0
0.003253300585057125	14400.0
0.0032600782946093274	14430.0
0.0032668560041615295	14460.0
0.003273633713713732	14490.0
0.0032804114232659345	14520.0
0.0032871891328181365	14550.0
0.003293966842370339	14580.0
0.0033007445519225415	14610.0
0.0033075222614747436	14640.0
0.003314299971026946	14670.0
0.0033210776805791486	14700.0
0.0033278553901313506	14730.0
0.003334633099683553	14760.0
0.0033414108092357556	14790.0
0.0033481885187879577	14820.0
0.00335496622834016	14850.0
0.0033617439378923627	14880.0
0.0033685216474445647	14910.0
0.0033752993569967672	14940.0
0.0033820770665489697	14970.0
0.0033888547761011718	15000.0
0.0033956324856533743	15030.0
0.0034024101952055763	15060.0
0.003409187904757779	15090.0
0.0034159656143099813	15120.0
0.0034227433238621834	15150.0
0.003429521033414386	15180.0
0.0034362987429665884	15210.0
0.0034430764525187904	15240.0
0.003449854162070993	15270.0
0.0034566318716231954	15300.0
0.0034634095811753975	15330.0
0.0034701872907276	15360.0
0.0034769650002798025	15390.0
0.0034837427098320045	15420.0
0.003490520419384207	15450.0
0.0034972981289364095	15480.0
0.0035040758384886116	15510.0
0.003510853548040814	15540.0
0.0035176312575930166	15570.0
0.0035244089671452187	15600.0
0.003531186676697421	15630.0
0.0035379643862496236	15660.0
0.0035447420958018257	15690.0
0.003551519805354028	15720.0
0.0035582975149062303	15750.0
0.0035650752244584328	15780.0
0.0035718529340106353	15810.0
0.0035786306435628373	15840.0
0.00358540835311504	15870.0
0.0035921860626672423	15900.0
0.0035989637722194444	15930.0
0.003605741481771647	15960.0
0.0036125191913238494	15990.0
0.0036192969008760514	16020.0
0.003626074610428254	16050.0
0.0036328523199804564	16080.0
0.0036396300295326585	16110.0
0.003646407739084861	16140.0
0.0036531854486370635	16170.0
0.0036599631581892655	16200.0
0.003666740867741468	16230.0
0.0036735185772936705	16260.0
0.0036802962868458726	16290.0
0.003687073996398075	16320.0
0.003693851705950277	16350.0
0.0037006294155024796	16380.0
0.003707407125054682	16410.0
0.003714184834606884	16440.0
0.0037209625441590867	16470.0
0.003727740253711289	16500.0
0.0037345179632634912	16530.0
0.0037412956728156937	16560.0
0.0037480733823678962	16590.0
0.0037548510919200983	16620.0
0.003761628801472301	16650.0
0.0037684065110245033	16680.0
0.0037751842205767053	16710.0
0.003781961930128908	16740.0
0.0037887396396811103	16770.0
0.0037955173492333124	16800.0
0.003802295058785515	16830.0
0.0038090727683377174	16860.0
0.0038158504778899194	16890.0
0.003822628187442122	16920.0
0.003829405896994324	16950.0
0.0038361836065465265	16980.0
0.003842961316098729	17010.0
0.003849739025650931	17040.0
0.0038565167352031336	17070.0
0.003863294444755336	17100.0
0.003870072154307538	17130.0
0.0038768498638597406	17160.0
0.003883627573411943	17190.0
0.003890405282964145	17220.0
0.0038971829925163477	17250.0
0.00390396070206855	17280.0
0.003910738411620753	17310.0
0.003917516121172955	17340.0
0.003924293830725157	17370.0
0.00393107154027736	17400.0
0.003937849249829562	17430.0
0.003944626959381764	17460.0
0.003951404668933967	17490.0
0.003958182378486169	17520.0
0.003964960088038371	17550.0
0.003971737797590574	17580.0
0.003978515507142776	17610.0
0.003985293216694978	17640.0
0.003992070926247181	17670.0
0.003998848635799383	17700.0
0.004005626345351585	17730.0
0.004012404054903788	17760.0
0.00401918176445599	17790.0
0.004025959474008192	17820.0
0.004032737183560394	17850.0
0.004039514893112597	17880.0
0.004046292602664799	17910.0
0.004053070312217001	17940.0
0.004059848021769204	17970.0
0.004066625731321406	18000.0
0.004073403440873608	18030.0
0.004080181150425811	18060.0
0.004086958859978013	18090.0
0.004093736569530215	18120.0
0.004100514279082418	18150.0
0.00410729198863462	18180.0
0.004114069698186822	18210.0
0.004120847407739025	18240.0
0.004127625117291227	18270.0
0.004134402826843429	18300.0
0.004141180536395632	18330.0
0.004147958245947834	18360.0
0.004154735955500036	18390.0
0.004161513665052239	18420.0
0.004168291374604441	18450.0
0.0041750690841566435	18480.0
0.004181846793708846	18510.0
0.0041886245032610485	18540.0
0.0041954022128132505	18570.0
0.0042021799223654534	18600.0
0.0042089576319176555	18630.0
0.004215735341469858	18660.0
0.0042225130510220605	18690.0
0.0042292907605742626	18720.0
0.004236068470126465	18750.0
0.0042428461796786675	18780.0
0.00424962388923087	18810.0
0.004256401598783072	18840.0
0.004263179308335275	18870.0
0.004269957017887477	18900.0
0.004276734727439679	18930.0
0.004283512436991882	18960.0
0.004290290146544084	18990.0
0.004297067856096286	19020.0
0.004303845565648488	19050.0
0.004310623275200691	19080.0
0.004317400984752893	19110.0
0.004324178694305095	19140.0
0.004330956403857298	19170.0
0.0043377341134095	19200.0
0.004344511822961702	19230.0
0.004351289532513905	19260.0
0.004358067242066107	19290.0
0.004364844951618309	19320.0
0.004371622661170512	19350.0
0.004378400370722714	19380.0
0.004385178080274916	19410.0
0.004391955789827119	19440.0
0.004398733499379321	19470.0
0.004405511208931523	19500.0
0.004412288918483726	19530.0
0.004419066628035928	19560.0
0.00442584433758813	19590.0
0.004432622047140333	19620.0
0.004439399756692535	19650.0
0.004446177466244737	19680.0
0.00445295517579694	19710.0
0.004459732885349142	19740.0
0.004466510594901344	19770.0
0.004473288304453547	19800.0
0.004480066014005749	19830.0
0.004486843723557951	19860.0
0.004493621433110154	19890.0
0.004500399142662356	19920.0
0.004507176852214558	19950.0
0.004513954561766761	19980.0
0.004520732271318963	20010.0
0.004527509980871165	20040.0
0.004534287690423368	20070.0
0.00454106539997557	20100.0
0.0045478431095277725	20130.0
0.004554620819079975	20160.0
0.0045613985286321775	20190.0
0.0045681762381843795	20220.0
0.0045749539477365824	20250.0
0.0045817316572887845	20280.0
0.004588509366840987	20310.0
0.004595287076393189	20340.0
0.0046020647859453916	20370.0
0.004608842495497594	20400.0
0.004615620205049796	20430.0
0.004622397914601999	20460.0
0.004629175624154201	20490.0
0.004635953333706403	20520.0
0.004642731043258606	20550.0
0.004649508752810808	20580.0
0.00465628646236301	20610.0
0.004663064171915213	20640.0
0.004669841881467415	20670.0
0.004676619591019617	20700.0
0.00468339730057182	20730.0
0.004690175010124022	20760.0
0.004696952719676224	20790.0
0.004703730429228427	20820.0
0.004710508138780629	20850.0
0.004717285848332831	20880.0
0.004724063557885034	20910.0
0.004730841267437236	20940.0
0.004737618976989438	20970.0
0.004744396686541641	21000.0
0.004751174396093843	21030.0
0.004757952105646045	21060.0
0.004764729815198248	21090.0
0.00477150752475045	21120.0
0.004778285234302652	21150.0
0.004785062943854855	21180.0
0.004791840653407057	21210.0
0.004798618362959259	21240.0
0.004805396072511462	21270.0
0.004812173782063664	21300.0
0.004818951491615866	21330.0
0.004825729201168069	21360.0
0.004832506910720271	21390.0
0.004839284620272473	21420.0
0.004846062329824676	21450.0
0.004852840039376878	21480.0
0.00485961774892908	21510.0
0.004866395458481282	21540.0
0.004873173168033485	21570.0
0.004879950877585687	21600.0
0.004886728587137889	21630.0
0.004893506296690092	21660.0
0.004900284006242294	21690.0
0.0049070617157944965	21720.0
0.004913839425346699	21750.0
0.0049206171348989015	21780.0
0.0049273948444511035	21810.0
0.0049341725540033065	21840.0
0.0049409502635555085	21870.0
0.004947727973107711	21900.0
0.0049545056826599135	21930.0
0.004961283392212116	21960.0
0.004968061101764318	21990.0
0.0049748388113165206	22020.0
0.004981616520868723	22050.0
0.004988394230420925	22080.0
0.004995171939973128	22110.0
0.00500194964952533	22140.0
0.005008727359077532	22170.0
0.005015505068629735	22200.0
0.005022282778181937	22230.0
0.005029060487734139	22260.0
0.005035838197286342	22290.0
0.005042615906838544	22320.0
0.005049393616390746	22350.0
0.005056171325942949	22380.0
0.005062949035495151	22410.0
0.005069726745047353	22440.0
0.005076504454599556	22470.0
0.005083282164151758	22500.0
0.00509005987370396	22530.0
0.005096837583256163	22560.0
0.005103615292808365	22590.0
0.005110393002360567	22620.0
0.00511717071191277	22650.0
0.005123948421464972	22680.0
0.005130726131017174	22710.0
0.005137503840569376	22740.0
0.005144281550121579	22770.0
0.005151059259673781	22800.0
0.005157836969225983	22830.0
0.005164614678778186	22860.0
0.005171392388330388	22890.0
0.00517817009788259	22920.0
0.005184947807434793	22950.0
0.005191725516986995	22980.0
0.005198503226539197	23010.0
0.0052052809360914	23040.0
0.005212058645643602	23070.0
0.005218836355195804	23100.0
0.005225614064748007	23130.0
0.005232391774300209	23160.0
0.005239169483852411	23190.0
0.005245947193404614	23220.0
0.005252724902956816	23250.0
0.005259502612509018	23280.0
0.005266280322061221	23310.0
0.005273058031613423	23340.0
0.0052798357411656255	23370.0
0.005286613450717828	23400.0
0.0052933911602700305	23430.0
0.0053001688698222325	23460.0
0.0053069465793744355	23490.0
0.0053137242889266375	23520.0
0.00532050199847884	23550.0
0.0053272797080310425	23580.0
0.005334057417583245	23610.0
0.005340835127135447	23640.0
0.00534761283668765	23670.0
0.005354390546239852	23700.0
0.005361168255792054	23730.0
0.005367945965344257	23760.0
0.005374723674896459	23790.0
0.005381501384448661	23820.0
0.005388279094000864	23850.0
0.005395056803553066	23880.0
0.005401834513105268	23910.0
0.005408612222657471	23940.0
0.005415389932209673	23970.0
0.005422167641761875	24000.0
0.005428945351314077	24030.0
0.00543572306086628	24060.0
0.005442500770418482	24090.0
0.005449278479970684	24120.0
0.005456056189522887	24150.0
0.005462833899075089	24180.0
0.005469611608627291	24210.0
0.005476389318179494	24240.0
0.005483167027731696	24270.0
0.005489944737283898	24300.0
0.005496722446836101	24330.0
0.005503500156388303	24360.0
0.005510277865940505	24390.0
0.005517055575492708	24420.0
0.00552383328504491	24450.0
0.005530610994597112	24480.0
0.005537388704149315	24510.0
0.005544166413701517	24540.0
0.005550944123253719	24570.0
0.005557721832805922	24600.0
0.005564499542358124	24630.0
0.005571277251910326	24660.0
0.005578054961462529	24690.0
0.005584832671014731	24720.0
0.005591610380566933	24750.0
0.005598388090119136	24780.0
0.005605165799671338	24810.0
0.00561194350922354	24840.0
0.005618721218775743	24870.0
0.005625498928327945	24900.0
0.0056322766378801474	24930.0
0.00563905434743235	24960.0
0.005645832056984552	24990.0
0.0056526097665367545	25020.0
0.005659387476088957	25050.0
0.0056661651856411595	25080.0
0.0056729428951933615	25110.0
0.0056797206047455645	25140.0
0.0056864983142977665	25170.0
0.005693276023849969	25200.0
0.005700053733402171	25230.0
0.005706831442954374	25260.0
0.005713609152506576	25290.0
0.005720386862058778	25320.0
0.005727164571610981	25350.0
0.005733942281163183	25380.0
0.005740719990715385	25410.0
0.005747497700267588	25440.0
0.00575427540981979	25470.0
0.005761053119371992	25500.0
0.005767830828924195	25530.0
0.005774608538476397	25560.0
0.005781386248028599	25590.0
0.005788163957580802	25620.0
0.005794941667133004	25650.0
0.005801719376685206	25680.0
0.005808497086237409	25710.0
0.005815274795789611	25740.0
0.005822052505341813	25770.0
0.005828830214894016	25800.0
0.005835607924446218	25830.0
0.00584238563399842	25860.0
0.005849163343550623	25890.0
0.005855941053102825	25920.0
0.005862718762655027	25950.0
0.00586949647220723	25980.0
0.005876274181759432	26010.0
0.005883051891311634	26040.0
0.005889829600863837	26070.0
0.005896607310416039	26100.0
0.005903385019968241	26130.0
0.005910162729520444	26160.0
0.005916940439072646	26190.0
0.005923718148624848	26220.0
0.005930495858177051	26250.0
0.005937273567729253	26280.0
0.005944051277281455	26310.0
0.005950828986833658	26340.0
0.00595760669638586	26370.0
0.005964384405938062	26400.0
0.005971162115490264	26430.0
0.005977939825042467	26460.0
0.005984717534594669	26490.0
0.0059914952441468715	26520.0
0.005998272953699074	26550.0
0.0060050506632512764	26580.0
0.0060118283728034785	26610.0
0.006018606082355681	26640.0
0.0060253837919078835	26670.0
0.0060321615014600856	26700.0
0.0060389392110122885	26730.0
0.0060457169205644905	26760.0
0.006052494630116693	26790.0
0.0060592723396688955	26820.0
0.006066050049221098	26850.0
0.0060728277587733	26880.0
0.006079605468325503	26910.0
0.006086383177877705	26940.0
0.006093160887429907	26970.0
0.00609993859698211	27000.0
0.006106716306534312	27030.0
0.006113494016086514	27060.0
0.006120271725638717	27090.0
0.006127049435190919	27120.0
0.006133827144743121	27150.0
0.006140604854295324	27180.0
0.006147382563847526	27210.0
0.006154160273399728	27240.0
0.006160937982951931	27270.0
0.006167715692504133	27300.0
0.006174493402056335	27330.0
0.006181271111608538	27360.0
0.00618804882116074	27390.0
0.006194826530712942	27420.0
0.006201604240265145	27450.0
0.006208381949817347	27480.0
0.006215159659369549	27510.0
0.006221937368921752	27540.0
0.006228715078473954	27570.0
0.006235492788026156	27600.0
0.006242270497578359	27630.0
0.006249048207130561	27660.0
0.006255825916682763	27690.0
0.006262603626234965	27720.0
0.006269381335787168	27750.0
0.00627615904533937	27780.0
0.006282936754891572	27810.0
0.006289714464443775	27840.0
0.006296492173995977	27870.0
0.006303269883548179	27900.0
0.006310047593100382	27930.0
0.006316825302652584	27960.0
0.006323603012204786	27990.0
0.006330380721756989	28020.0
0.006337158431309191	28050.0
0.006343936140861393	28080.0
0.006350713850413596	28110.0
0.006357491559965798	28140.0
0.0063642692695180005	28170.0
0.006371046979070203	28200.0
0.0063778246886224054	28230.0
0.0063846023981746075	28260.0
0.0063913801077268104	28290.0
0.0063981578172790125	28320.0
0.0064049355268312146	28350.0
0.0064117132363834175	28380.0
0.0064184909459356196	28410.0
0.006425268655487822	28440.0
0.0064320463650400245	28470.0
0.006438824074592227	28500.0
0.006445601784144429	28530.0
0.006452379493696632	28560.0
0.006459157203248834	28590.0
0.006465934912801036	28620.0
0.006472712622353239	28650.0
0.006479490331905441	28680.0
0.006486268041457643	28710.0
0.006493045751009846	28740.0
0.006499823460562048	28770.0
0.00650660117011425	28800.0
0.006513378879666453	28830.0
0.006520156589218655	28860.0
0.006526934298770857	28890.0
0.006533712008323059	28920.0
0.006540489717875262	28950.0
0.006547267427427464	28980.0
0.006554045136979666	29010.0
0.006560822846531869	29040.0
0.006567600556084071	29070.0
0.006574378265636273	29100.0
0.006581155975188476	29130.0
0.006587933684740678	29160.0
0.00659471139429288	29190.0
0.006601489103845083	29220.0
0.006608266813397285	29250.0
0.006615044522949487	29280.0
0.00662182223250169	29310.0
0.006628599942053892	29340.0
0.006635377651606094	29370.0
0.006642155361158297	29400.0
0.006648933070710499	29430.0
0.006655710780262701	29460.0
0.006662488489814904	29490.0
0.006669266199367106	29520.0
0.006676043908919308	29550.0
0.006682821618471511	29580.0
0.006689599328023713	29610.0
0.006696377037575915	29640.0
0.006703154747128118	29670.0
0.00670993245668032	29700.0
0.006716710166232522	29730.0
0.006723487875784725	29760.0
0.006730265585336927	29790.0
0.0067370432948891295	29820.0
0.006743821004441332	29850.0
0.0067505987139935344	29880.0
0.0067573764235457365	29910.0
0.0067641541330979394	29940.0
0.0067709318426501415	29970.0
0.0067777095522023436	30000.0
0.0067844872617545465	30030.0
0.0067912649713067486	30060.0
0.006798042680858951	30090.0
0.006804820390411153	30120.0
0.006811598099963356	30150.0
0.006818375809515558	30180.0
0.00682515351906776	30210.0
0.006831931228619963	30240.0
0.006838708938172165	30270.0
0.006845486647724367	30300.0
0.00685226435727657	30330.0
0.006859042066828772	30360.0
0.006865819776380974	30390.0
0.006872597485933177	30420.0
0.006879375195485379	30450.0
0.006886152905037581	30480.0
0.006892930614589784	30510.0
0.006899708324141986	30540.0
0.006906486033694188	30570.0
0.006913263743246391	30600.0
0.006920041452798593	30630.0
0.006926819162350795	30660.0
0.006933596871902998	30690.0
0.0069403745814552	30720.0
0.006947152291007402	30750.0
0.006953930000559605	30780.0
0.006960707710111807	30810.0
0.006967485419664009	30840.0
0.006974263129216212	30870.0
0.006981040838768414	30900.0
0.006987818548320616	30930.0
0.006994596257872819	30960.0
0.007001373967425021	30990.0
0.007008151676977223	31020.0
0.007014929386529426	31050.0
0.007021707096081628	31080.0
0.00702848480563383	31110.0
0.007035262515186033	31140.0
0.007042040224738235	31170.0
0.007048817934290437	31200.0
0.00705559564384264	31230.0
0.007062373353394842	31260.0
0.007069151062947044	31290.0
0.007075928772499247	31320.0
0.007082706482051449	31350.0
0.007089484191603651	31380.0
0.0070962619011558535	31410.0
0.007103039610708056	31440.0
0.0071098173202602585	31470.0
0.0071165950298124605	31500.0
0.0071233727393646635	31530.0
0.0071301504489168655	31560.0
0.007136928158469068	31590.0
0.0071437058680212705	31620.0
0.007150483577573473	31650.0
0.007157261287125675	31680.0
0.0071640389966778776	31710.0
0.00717081670623008	31740.0
0.007177594415782282	31770.0
0.007184372125334485	31800.0
0.007191149834886687	31830.0
0.007197927544438889	31860.0
0.007204705253991092	31890.0
0.007211482963543294	31920.0
0.007218260673095496	31950.0
0.007225038382647699	31980.0
0.007231816092199901	32010.0
0.007238593801752103	32040.0
0.007245371511304306	32070.0
0.007252149220856508	32100.0
0.00725892693040871	32130.0
0.007265704639960913	32160.0
0.007272482349513115	32190.0
0.007279260059065317	32220.0
0.00728603776861752	32250.0
0.007292815478169722	32280.0
0.007299593187721924	32310.0
0.007306370897274127	32340.0
0.007313148606826329	32370.0
0.007319926316378531	32400.0
0.007326704025930734	32430.0
0.007333481735482936	32460.0
0.007340259445035138	32490.0
0.007347037154587341	32520.0
0.007353814864139543	32550.0
0.007360592573691745	32580.0
0.007367370283243947	32610.0
0.00737414799279615	32640.0
0.007380925702348352	32670.0
0.007387703411900554	32700.0
0.007394481121452757	32730.0
0.007401258831004959	32760.0
0.007408036540557161	32790.0
0.007414814250109364	32820.0
0.007421591959661566	32850.0
0.007428369669213768	32880.0
0.007435147378765971	32910.0
0.007441925088318173	32940.0
0.007448702797870375	32970.0
0.007455480507422578	33000.0
0.00746225821697478	33030.0
0.0074690359265269825	33060.0
0.007475813636079185	33090.0
0.0074825913456313875	33120.0
0.0074893690551835895	33150.0
0.0074961467647357925	33180.0
0.0075029244742879945	33210.0
0.007509702183840197	33240.0
0.0075164798933923995	33270.0
0.007523257602944602	33300.0
0.007530035312496804	33330.0
0.0075368130220490066	33360.0
0.007543590731601209	33390.0
0.007550368441153411	33420.0
0.007557146150705614	33450.0
0.007563923860257816	33480.0
0.007570701569810018	33510.0
0.007577479279362221	33540.0
0.007584256988914423	33570.0
0.007591034698466625	33600.0
0.007597812408018828	33630.0
0.00760459011757103	33660.0
0.007611367827123232	33690.0
0.007618145536675435	33720.0
0.007624923246227637	33750.0
0.007631700955779839	33780.0
0.007638478665332041	33810.0
0.007645256374884244	33840.0
0.007652034084436446	33870.0
0.007658811793988648	33900.0
0.007665589503540851	33930.0
0.007672367213093053	33960.0
0.007679144922645255	33990.0
0.007685922632197458	34020.0
0.00769270034174966	34050.0
0.007699478051301862	34080.0
0.007706255760854065	34110.0
0.007713033470406267	34140.0
0.007719811179958469	34170.0
0.007726588889510672	34200.0
0.007733366599062874	34230.0
0.007740144308615076	34260.0
0.007746922018167279	34290.0
0.007753699727719481	34320.0
0.007760477437271683	34350.0
0.007767255146823886	34380.0
0.007774032856376088	34410.0
0.00778081056592829	34440.0
0.007787588275480493	34470.0
0.007794365985032695	34500.0
0.007801143694584897	34530.0
0.0078079214041371	34560.0
0.007814699113689302	34590.0
0.007821476823241505	34620.0
0.007828254532793706	34650.0
0.00783503224234591	34680.0
0.007841809951898112	34710.0
0.007848587661450314	34740.0
0.007855365371002516	34770.0
0.00786214308055472	34800.0
0.00786892079010692	34830.0
0.007875698499659124	34860.0
0.007882476209211326	34890.0
0.007889253918763528	34920.0
0.00789603162831573	34950.0
0.007902809337867934	34980.0
0.007909587047420135	35010.0
0.007916364756972338	35040.0
0.00792314246652454	35070.0
0.007929920176076742	35100.0
0.007936697885628945	35130.0
0.007943475595181148	35160.0
0.007950253304733349	35190.0
0.007957031014285552	35220.0
0.007963808723837755	35250.0
0.007970586433389956	35280.0
0.007977364142942159	35310.0
0.007984141852494362	35340.0
0.007990919562046563	35370.0
0.007997697271598766	35400.0
0.008004474981150969	35430.0
0.00801125269070317	35460.0
0.008018030400255373	35490.0
0.008024808109807576	35520.0
0.008031585819359777	35550.0
0.00803836352891198	35580.0
0.008045141238464183	35610.0
0.008051918948016384	35640.0
0.008058696657568587	35670.0
0.008065474367120788	35700.0
0.008072252076672991	35730.0
0.008079029786225194	35760.0
0.008085807495777395	35790.0
0.008092585205329598	35820.0
0.008099362914881801	35850.0
0.008106140624434002	35880.0
0.008112918333986205	35910.0
0.008119696043538408	35940.0
0.00812647375309061	35970.0
0.008133251462642812	36000.0
0.008140029172195015	36030.0
0.008146806881747216	36060.0
0.00815358459129942	36090.0
0.008160362300851622	36120.0
0.008167140010403823	36150.0
0.008173917719956026	36180.0
0.00818069542950823	36210.0
0.00818747313906043	36240.0
0.008194250848612633	36270.0
0.008201028558164836	36300.0
0.008207806267717038	36330.0
0.00821458397726924	36360.0
0.008221361686821443	36390.0
0.008228139396373645	36420.0
0.008234917105925848	36450.0
0.00824169481547805	36480.0
0.008248472525030252	36510.0
0.008255250234582455	36540.0
0.008262027944134658	36570.0
0.008268805653686859	36600.0
0.008275583363239062	36630.0
0.008282361072791265	36660.0
0.008289138782343466	36690.0
0.008295916491895669	36720.0
0.008302694201447872	36750.0
0.008309471911000073	36780.0
0.008316249620552276	36810.0
0.008323027330104479	36840.0
0.00832980503965668	36870.0
0.008336582749208883	36900.0
0.008343360458761086	36930.0
0.008350138168313287	36960.0
0.00835691587786549	36990.0
0.008363693587417693	37020.0
0.008370471296969894	37050.0
0.008377249006522097	37080.0
0.0083840267160743	37110.0
0.008390804425626501	37140.0
0.008397582135178704	37170.0
0.008404359844730907	37200.0
0.008411137554283108	37230.0
0.008417915263835311	37260.0
0.008424692973387514	37290.0
0.008431470682939715	37320.0
0.008438248392491918	37350.0
0.008445026102044121	37380.0
0.008451803811596322	37410.0
0.008458581521148525	37440.0
0.008465359230700728	37470.0
0.00847213694025293	37500.0
0.008478914649805132	37530.0
0.008485692359357335	37560.0
0.008492470068909536	37590.0
0.00849924777846174	37620.0
0.008506025488013942	37650.0
0.008512803197566143	37680.0
0.008519580907118346	37710.0
0.00852635861667055	37740.0
0.00853313632622275	37770.0
0.008539914035774953	37800.0
0.008546691745327156	37830.0
0.008553469454879357	37860.0
0.00856024716443156	37890.0
0.008567024873983763	37920.0
0.008573802583535964	37950.0
0.008580580293088167	37980.0
0.00858735800264037	38010.0
0.008594135712192572	38040.0
0.008600913421744774	38070.0
0.008607691131296976	38100.0
0.008614468840849179	38130.0
0.008621246550401382	38160.0
0.008628024259953583	38190.0
0.008634801969505786	38220.0
0.008641579679057989	38250.0
0.00864835738861019	38280.0
0.008655135098162393	38310.0
0.008661912807714596	38340.0
0.008668690517266797	38370.0
0.008675468226819	38400.0
0.008682245936371203	38430.0
0.008689023645923404	38460.0
0.008695801355475607	38490.0
0.00870257906502781	38520.0
0.008709356774580011	38550.0
0.008716134484132214	38580.0
0.008722912193684417	38610.0
0.008729689903236618	38640.0
0.008736467612788821	38670.0
0.008743245322341024	38700.0
0.008750023031893225	38730.0
0.008756800741445428	38760.0
0.008763578450997631	38790.0
0.008770356160549832	38820.0
0.008777133870102035	38850.0
0.008783911579654238	38880.0
0.00879068928920644	38910.0
0.008797466998758642	38940.0
0.008804244708310845	38970.0
0.008811022417863046	39000.0
0.008817800127415249	39030.0
0.008824577836967452	39060.0
0.008831355546519653	39090.0
0.008838133256071856	39120.0
0.008844910965624059	39150.0
0.00885168867517626	39180.0
0.008858466384728463	39210.0
0.008865244094280666	39240.0
0.008872021803832867	39270.0
0.00887879951338507	39300.0
0.008885577222937273	39330.0
0.008892354932489474	39360.0
0.008899132642041677	39390.0
0.00890591035159388	39420.0
0.008912688061146081	39450.0
0.008919465770698284	39480.0
0.008926243480250487	39510.0
0.008933021189802689	39540.0
0.008939798899354891	39570.0
0.008946576608907094	39600.0
0.008953354318459296	39630.0
0.008960132028011498	39660.0
0.008966909737563701	39690.0
0.008973687447115903	39720.0
0.008980465156668106	39750.0
0.008987242866220308	39780.0
0.00899402057577251	39810.0
0.009000798285324713	39840.0
0.009007575994876916	39870.0
0.009014353704429117	39900.0
0.00902113141398132	39930.0
0.009027909123533523	39960.0
0.009034686833085724	39990.0
0.009041464542637927	40020.0
0.00904824225219013	40050.0
0.00905501996174233	40080.0
0.009061797671294534	40110.0
0.009068575380846737	40140.0
0.009075353090398938	40170.0
0.00908213079995114	40200.0
0.009088908509503344	40230.0
0.009095686219055545	40260.0
0.009102463928607748	40290.0
0.00910924163815995	40320.0
0.009116019347712152	40350.0
0.009122797057264355	40380.0
0.009129574766816558	40410.0
0.009136352476368759	40440.0
0.009143130185920962	40470.0
0.009149907895473165	40500.0
0.009156685605025366	40530.0
0.009163463314577569	40560.0
0.00917024102412977	40590.0
0.009177018733681973	40620.0
0.009183796443234176	40650.0
0.009190574152786377	40680.0
0.00919735186233858	40710.0
0.009204129571890783	40740.0
0.009210907281442984	40770.0
0.009217684990995187	40800.0
0.00922446270054739	40830.0
0.009231240410099591	40860.0
0.009238018119651794	40890.0
0.009244795829203997	40920.0
0.009251573538756198	40950.0
0.009258351248308401	40980.0
0.009265128957860604	41010.0
0.009271906667412805	41040.0
0.009278684376965008	41070.0
0.009285462086517211	41100.0
0.009292239796069413	41130.0
0.009299017505621615	41160.0
0.009305795215173818	41190.0
0.00931257292472602	41220.0
0.009319350634278223	41250.0
0.009326128343830425	41280.0
0.009332906053382627	41310.0
0.00933968376293483	41340.0
0.009346461472487032	41370.0
0.009353239182039234	41400.0
0.009360016891591437	41430.0
0.00936679460114364	41460.0
0.00937357231069584	41490.0
0.009380350020248044	41520.0
0.009387127729800247	41550.0
0.009393905439352448	41580.0
0.00940068314890465	41610.0
0.009407460858456854	41640.0
0.009414238568009055	41670.0
0.009421016277561258	41700.0
0.00942779398711346	41730.0
0.009434571696665662	41760.0
0.009441349406217865	41790.0
0.009448127115770068	41820.0
0.009454904825322269	41850.0
0.009461682534874472	41880.0
0.009468460244426675	41910.0
0.009475237953978876	41940.0
0.009482015663531079	41970.0
0.009488793373083282	42000.0
0.009495571082635483	42030.0
0.009502348792187686	42060.0
0.009509126501739889	42090.0
0.00951590421129209	42120.0
0.009522681920844293	42150.0
0.009529459630396496	42180.0
0.009536237339948697	42210.0
0.0095430150495009	42240.0
0.009549792759053103	42270.0
0.009556570468605304	42300.0
0.009563348178157507	42330.0
0.00957012588770971	42360.0
0.009576903597261911	42390.0
0.009583681306814114	42420.0
0.009590459016366317	42450.0
0.009597236725918518	42480.0
0.009604014435470721	42510.0
0.009610792145022924	42540.0
0.009617569854575125	42570.0
0.009624347564127328	42600.0
0.009631125273679531	42630.0
0.009637902983231732	42660.0
0.009644680692783935	42690.0
0.009651458402336138	42720.0
0.00965823611188834	42750.0
0.009665013821440542	42780.0
0.009671791530992745	42810.0
0.009678569240544947	42840.0
0.00968534695009715	42870.0
0.009692124659649352	42900.0
0.009698902369201554	42930.0
0.009705680078753757	42960.0
0.00971245778830596	42990.0
0.00971923549785816	43020.0
0.009726013207410364	43050.0
0.009732790916962565	43080.0
0.009739568626514768	43110.0
0.00974634633606697	43140.0
0.009753124045619172	43170.0
0.009759901755171375	43200.0
0.009766679464723578	43230.0
0.009773457174275779	43260.0
0.009780234883827982	43290.0
0.009787012593380185	43320.0
0.009793790302932386	43350.0
0.009800568012484589	43380.0
0.009807345722036792	43410.0
0.009814123431588993	43440.0
0.009820901141141196	43470.0
0.009827678850693399	43500.0
0.0098344565602456	43530.0
0.009841234269797803	43560.0
0.009848011979350006	43590.0
0.009854789688902207	43620.0
0.00986156739845441	43650.0
0.009868345108006613	43680.0
0.009875122817558814	43710.0
0.009881900527111017	43740.0
0.00988867823666322	43770.0
0.009895455946215421	43800.0
0.009902233655767624	43830.0
0.009909011365319827	43860.0
0.009915789074872028	43890.0
0.009922566784424231	43920.0
0.009929344493976434	43950.0
0.009936122203528635	43980.0
0.009942899913080838	44010.0
0.009949677622633041	44040.0
0.009956455332185242	44070.0
0.009963233041737445	44100.0
0.009970010751289648	44130.0
0.00997678846084185	44160.0
0.009983566170394052	44190.0
0.009990343879946255	44220.0
0.009997121589498456	44250.0
